dataset.id melody.id note.id melody.name vertint12 articulation comma voice ornament dyn phrase bioi deltast accidental mpitch cpitch barlength pulses tempo mode keysig dur onset cpitch.order.ltm.cpitch cpitch.order.stm.cpitch cpitch.weight.ltm cpitch.weight.stm cpitch.weight.ltm.cpitch cpitch.weight.stm.cpitch cpitch.probability cpitch.ic cpitch.entropy cpitch.47 cpitch.48 cpitch.49 cpitch.50 cpitch.51 cpitch.52 cpitch.53 cpitch.54 cpitch.55 cpitch.56 cpitch.57 cpitch.58 cpitch.59 cpitch.60 cpitch.61 cpitch.62 cpitch.63 cpitch.64 cpitch.65 cpitch.66 cpitch.67 cpitch.68 cpitch.69 cpitch.70 cpitch.71 cpitch.72 cpitch.73 cpitch.74 cpitch.75 cpitch.76 cpitch.77 cpitch.78 cpitch.79 cpitch.80 cpitch.81 cpitch.82 cpitch.83 probability ic entropy information.gain
1007 1 1 "chorale151" NA NA NA 1 NA NA 1 0 0 0 41 71 96 4 NA 0 1 24 0 0 0 0.78937757 0.21062249 1.0 1.0 0.06848875 3.8679893 4.541366 0.0017803651 0.003890794 0.0018520539 0.004744541 0.0028251153 0.009538577 0.007348927 0.008176135 0.026689058 0.005532283 0.024082012 0.014913222 0.022704514 0.04685176 0.010177685 0.05509863 0.02215464 0.05154891 0.058176503 0.029570777 0.085611984 0.023323443 0.09724174 0.051284496 0.06848875 0.07842693 0.029007487 0.070224695 0.019022344 0.03092467 0.016046453 0.00717558 0.007324231 0.0022002668 0.002301815 0.0019582256 0.0017803651 0.06848875 3.8679893 4.541366 NA
1007 1 2 "chorale151" NA NA NA 1 NA NA 0 24 0 0 41 71 96 4 NA 0 1 24 24 1 0 0.9347209 0.06527908 1.0 0.99999994 0.21842717 2.1947758 3.0122185 4.281687e-5 1.0805948e-4 4.486591e-5 1.36673e-4 7.397182e-5 3.1247543e-4 2.2945742e-4 2.603489e-4 0.0010566756 1.6393667e-4 9.3558186e-4 5.3044484e-4 8.7255193e-4 0.0020574676 3.3741727e-4 0.0072198343 0.0023497224 0.016446928 0.0029468273 0.0076572094 0.06346876 0.027515834 0.28013754 0.00567087 0.21842717 0.15436451 0.09080366 0.07427281 0.001628139 0.030979494 0.0015068316 0.0023722148 0.0035257414 7.236269e-4 5.8038862e-5 4.7927348e-5 7.1351405e-4 0.21842717 2.1947758 3.0122185 1.5056527
1007 1 3 "chorale151" NA NA NA 1 NA NA 0 24 0 0 41 71 96 4 NA 0 1 24 48 2 1 0.9357994 0.064200565 1.0 0.99999994 0.23731788 2.0751073 2.9953306 3.4583267e-5 8.737311e-5 3.6240235e-5 1.1053895e-4 5.9784874e-5 2.5296648e-4 1.8569255e-4 2.1072272e-4 8.566419e-4 1.3261722e-4 7.5836526e-4 4.296873e-4 7.072175e-4 0.0016692625 2.7318246e-4 0.006703147 0.0025063509 0.016530938 0.002391807 0.008976823 0.06082032 0.025952533 0.27536118 0.005173997 0.23731788 0.14507627 0.08967047 0.072140425 0.0019330524 0.03424388 0.0015317632 0.0028201654 0.0031557537 0.0012246072 4.6894547e-5 3.8716043e-5 5.7817943e-4 0.23731788 2.0751073 2.9953306 0.002865148
1007 1 4 "chorale151" NA NA NA 1 NA NA 0 24 0 0 43 74 96 4 NA 0 1 24 72 3 1 0.29848105 0.701519 1.0 1.0 0.023142187 5.433331 2.4691684 0.0019424492 0.0026105628 0.001971662 0.0028139201 0.0023129918 0.003664312 0.0033202162 0.0034568664 0.0054069986 0.0029821976 0.0052008783 0.004338918 0.0050863256 0.0066890824 0.0037552807 0.01042171 0.0076149707 0.014047705 0.007502195 0.012508553 0.021662643 0.016364548 0.034821287 0.009595581 0.6689165 0.028671585 0.02437193 0.023142187 0.007683654 0.018515177 0.00650817 0.008432458 0.008682623 0.0060597933 0.002140592 0.002013662 0.0047697807 0.023142187 5.433331 2.4691684 1.1756262
1007 1 5 "chorale151" NA NA NA 1 NA NA 0 24 0 0 42 72 96 4 NA 0 1 24 96 4 0 0.9301828 0.06981713 1.0 1.0 0.31458917 1.668459 2.5009792 9.323988e-6 2.3425931e-5 9.767977e-6 2.9595201e-5 1.60657e-5 6.739236e-5 4.956192e-5 5.619987e-5 2.2655178e-4 3.546755e-5 2.007078e-4 1.6383169e-4 1.8724956e-4 5.3021405e-4 7.274451e-5 0.0031371636 1.819173e-4 6.2643364e-4 0.0010043074 0.002820877 0.041284423 0.0018838636 0.029590124 0.0067126807 0.11857897 0.31458917 0.059069075 0.35978127 0.007813532 0.033302587 0.005875688 9.6268556e-4 0.011007949 1.1966671e-5 6.753611e-5 1.0431152e-5 9.323988e-6 0.31458917 1.668459 2.5009792 2.0978866
1007 1 6 "chorale151" NA NA NA 1 NA NA 0 24 0 0 42 72 96 4 NA 0 1 24 120 5 0 0.93565834 0.06434168 1.0 1.0 0.20268631 2.3026795 2.7041705 1.7347442e-5 4.3821205e-5 1.8178465e-5 5.5437817e-5 2.998633e-5 1.2685245e-4 9.312168e-5 1.0567186e-4 4.29492e-4 6.650872e-5 3.8022632e-4 2.8991292e-4 3.5458576e-4 0.003317457 1.3698837e-4 0.0023352515 8.369303e-4 0.0039299894 0.014288546 0.0017777034 0.020508436 0.0022404715 0.1466296 0.107201494 0.35767308 0.20268631 0.002881132 0.090074874 0.0061406344 0.020172633 0.011953977 9.05238e-5 0.0022226013 1.0458552e-4 1.8311146e-4 5.852148e-4 1.7347442e-5 0.20268631 2.3026795 2.7041705 0.97704965
1007 1 7 "chorale151" NA NA NA 1 NA NA -1 24 0 0 41 71 96 4 NA 0 1 48 144 6 1 0.3939373 0.60606277 1.0 1.0 0.23190655 2.1083846 2.669736 7.26204e-4 0.0010727546 7.4065273e-4 0.0011843947 9.1439026e-4 0.0016782341 0.0014734335 0.001553991 0.0028044782 0.0012787572 0.002664246 0.0023767748 0.0025870712 0.006110135 0.0017334386 0.005338424 0.0039186818 0.010433723 0.010884025 0.0049244105 0.015444543 0.0059459205 0.01986838 0.023934834 0.23190655 0.43078342 0.006690376 0.15875809 0.008313034 0.009174005 0.0115522705 0.0014559851 0.005036902 0.0015472446 0.0019587148 0.0025052887 7.26204e-4 0.23190655 2.1083846 2.669736 0.58435404
1007 1 8 "chorale151" NA NA NA 1 NA NA 1 48 0 0 41 71 96 4 NA 0 1 24 192 5 1 0.5084605 0.49153948 1.0 1.0 0.5229017 0.93538827 2.284787 2.2181863e-4 3.6702884e-4 2.2753145e-4 4.170575e-4 2.9865137e-4 6.5396394e-4 5.5284053e-4 5.9215934e-4 0.001268769 4.6043258e-4 0.0011874855 8.7211025e-4 0.0011432763 0.0018230682 6.8186125e-4 0.005193288 0.0019596606 0.0064461273 0.0022165321 0.0037262065 0.017172847 0.007646111 0.04627431 0.005658419 0.5229017 0.18553488 0.014492242 0.14601335 0.0016051391 0.0115210805 0.0034277663 0.0019698418 0.0029174774 0.0010326158 2.6173308e-4 2.3584974e-4 0.0010247406 0.5229017 0.93538827 2.284787 0.4192857
1007 1 9 "chorale151" NA NA NA 1 NA NA 0 24 0 0 41 71 96 4 NA 0 1 24 216 7 2 0.6431022 0.35689777 1.0 0.99999994 0.4280184 1.2242553 2.6868496 1.4373138e-4 2.7174826e-4 1.4842922e-4 3.194169e-4 2.0937351e-4 5.642181e-4 4.562204e-4 4.976394e-4 0.0013046488 3.6199833e-4 0.0011998452 8.120255e-4 0.0011436283 0.0020634755 5.948306e-4 0.0065707625 0.0027283865 0.009975086 0.0026420713 0.006556659 0.032805074 0.013599762 0.10953905 0.004489859 0.4280184 0.18094958 0.03235837 0.12321743 0.0022823825 0.023079464 0.001945106 0.0029587902 0.003196467 0.0016678184 1.7719077e-4 1.5532547e-4 9.957714e-4 0.4280184 1.2242553 2.6868496 0.07802393
1007 1 10 "chorale151" NA NA NA 1 NA NA 0 24 0 0 40 69 96 4 NA 0 1 24 240 6 3 0.23111464 0.7688853 1.0 1.0 0.011708431 6.416308 2.3486845 0.0011264565 0.0014161945 0.0011395519 0.0015008864 0.0012895124 0.0018413883 0.0017060236 0.0017601427 0.0024887112 0.0015699266 0.0024149306 0.0020987983 0.0023736416 0.0029344591 0.0018766865 0.004136541 0.0032443115 0.005212408 0.003207046 0.0047644735 0.007386106 0.0058664265 0.011708431 0.0038802966 0.41488492 0.14426857 0.008022005 0.32876208 0.0032669466 0.0065277033 0.0028728168 0.0035108589 0.0035912404 0.0027183394 0.0012144449 0.0011583028 0.0022584351 0.011708431 6.416308 2.3486845 0.447883
1007 1 11 "chorale151" NA NA NA 1 NA NA 0 24 0 0 41 71 96 4 NA 0 1 24 264 8 0 0.9277009 0.072299175 1.0 1.0 0.4092851 1.2888219 2.5318868 2.6829107e-6 6.7240903e-6 2.8103163e-6 8.4895955e-6 4.616081e-6 1.9289577e-5 1.41976425e-5 1.609377e-5 6.463599e-5 1.0169206e-5 6.5830405e-5 3.2615266e-5 5.34501e-5 3.3408366e-4 7.340659e-5 0.007764367 6.0541835e-5 0.0067775194 0.0022866665 0.021099102 0.15158547 0.054859996 0.2059974 0.003914418 0.4092851 0.030086378 0.006758933 0.08476395 5.213463e-5 0.008652413 1.6784976e-4 0.003427832 3.9367823e-4 3.4410316e-6 0.001348027 3.0005906e-6 2.6829107e-6 0.4092851 1.2888219 2.5318868 1.150771
1007 1 12 "chorale151" NA NA NA 1 NA NA 0 24 0 0 42 72 96 4 NA 0 1 24 288 8 1 0.50685024 0.49314976 1.0 1.0 0.21396384 2.2245612 2.7530982 2.7847977e-4 4.600481e-4 2.8562886e-4 5.2254443e-4 3.7458565e-4 8.1820553e-4 6.920532e-4 7.411119e-4 0.0015840892 5.767097e-4 0.0014829158 0.0010901446 0.0014278794 0.002273534 8.529962e-4 0.005491361 0.003182803 0.010266402 0.003024135 0.0055077 0.022022026 0.012020071 0.23188788 0.0041290116 0.30080017 0.21396384 0.027120842 0.123337135 0.0020025636 0.010413616 0.0019202258 0.0027461585 0.0035083059 0.0012900874 3.284178e-4 2.960375e-4 0.0012802794 0.21396384 2.2245612 2.7530982 0.57993436
1007 1 13 "chorale151" NA NA NA 1 NA NA 0 24 0 0 41 71 96 4 NA 0 1 24 312 7 1 0.5896305 0.41036955 1.0 0.99999994 0.34454358 1.5372417 2.7822964 1.9274684e-4 3.4562201e-4 1.9851512e-4 4.008263e-4 2.721277e-4 6.753055e-4 5.557766e-4 6.018695e-4 0.0014563894 4.4955817e-4 0.0013487549 0.0011368787 0.0012907006 0.0051031215 7.0882443e-4 0.011845236 0.0022174886 0.008776142 0.009441768 0.005181896 0.020414637 0.004606642 0.09905682 0.027891684 0.34454358 0.219587 0.0052550277 0.19010912 0.0062807114 0.01426661 0.009462964 5.4595474e-4 0.0029078699 5.979629e-4 8.510617e-4 0.0012301124 1.9274684e-4 0.34454358 1.5372417 2.7822964 0.20452985
1007 1 14 "chorale151" NA NA NA 1 NA NA 0 24 0 0 40 69 96 4 NA 0 1 48 336 6 2 0.9855336 0.014466339 1.0 1.0 0.63880163 0.6465601 1.8411686 5.002947e-6 1.327791e-5 5.255706e-6 1.7009655e-5 8.904007e-6 4.067726e-5 2.9372934e-5 3.3556975e-5 1.4697436e-4 2.0605497e-5 1.2927307e-4 7.106727e-5 1.20107725e-4 2.9673218e-4 4.410787e-5 0.00153932 3.41337e-4 0.0030755028 4.3337888e-4 0.0011861172 0.01656691 0.006543746 0.63880163 0.0012900449 0.10301965 0.1322617 0.016498791 0.04874057 2.3184474e-4 0.026550816 6.4553757e-4 3.4478275e-4 7.3819e-4 9.859966e-5 6.8946338e-6 5.634513e-6 9.714734e-5 0.63880163 0.6465601 1.8411686 1.2292941
1007 1 15 "chorale151" NA NA NA 1 NA NA -1 48 0 0 39 67 96 4 NA 0 1 96 384 7 1 0.84725916 0.15274078 1.0 0.99999994 0.32529905 1.6201615 2.5188613 4.3351843e-6 1.0033095e-5 4.5228217e-6 1.2413911e-5 7.116065e-6 2.6268637e-5 1.9855139e-5 2.2263515e-5 7.92598e-5 1.4638972e-5 8.05964e-5 4.2438223e-5 6.663202e-5 3.5528434e-4 8.9027024e-5 0.009552734 7.466179e-5 0.01418602 0.0028501826 0.009957788 0.32529905 0.03318303 0.19367038 0.003362874 0.28921953 0.03612488 0.005537998 0.06061127 6.513271e-5 0.011988209 1.8947959e-4 0.0015164149 0.001370111 5.441493e-6 3.9101622e-4 4.8016877e-6 4.3351843e-6 0.32529905 1.6201615 2.5188613 1.1333405
1007 1 16 "chorale151" NA NA NA 1 NA NA 1 96 0 0 41 71 96 4 NA 0 1 24 480 10 0 0.8017453 0.19825475 0.99999994 1.0 0.26454303 1.9184257 3.062582 2.9137029e-5 6.446082e-5 3.0329036e-5 7.885005e-5 4.657099e-5 1.6026686e-4 1.2297291e-4 1.370438e-4 0.0021804622 9.21632e-5 4.2831677e-4 3.3019422e-4 5.0920265e-4 0.01640823 1.9303185e-4 0.017279817 0.0016139117 0.057344105 0.07093879 0.09056701 0.18225211 0.002237759 0.1780475 0.010195235 0.26454303 0.054504447 5.464958e-4 0.040409498 7.593475e-4 0.004013694 3.297369e-4 1.2002732e-4 0.0033509675 3.612876e-5 3.7822945e-5 3.2095722e-5 2.9137029e-5 0.26454303 1.9184257 3.062582 0.4271371
1007 1 17 "chorale151" NA NA NA 1 NA NA 0 24 0 0 41 71 96 4 NA 0 1 24 504 9 1 0.8479072 0.15209286 1.0 1.0 0.352141 1.5057749 2.385026 1.739029e-5 4.0272993e-5 1.8143573e-5 4.983775e-5 2.855647e-5 1.05520434e-4 7.974049e-5 8.942064e-5 3.1865365e-4 5.8778056e-5 2.8534382e-4 1.705358e-4 2.6784977e-4 5.832202e-4 1.1313328e-4 0.003580086 6.5789727e-4 0.0038436074 8.0791075e-4 0.0019211498 0.020189913 0.006130263 0.20149897 0.0014630314 0.352141 0.23832177 0.019346155 0.13350648 4.7166174e-4 0.0113484245 4.3967014e-4 6.6360715e-4 9.5065695e-4 2.260282e-4 2.2916138e-5 1.9263149e-5 2.2316091e-4 0.352141 1.5057749 2.385026 1.5874983
1007 1 18 "chorale151" NA NA NA 1 NA NA 0 24 0 0 40 69 96 4 NA 0 1 24 528 7 2 0.63013554 0.36986446 1.0 1.0 0.3329504 1.5866208 2.5285428 9.900242e-5 1.847922e-4 1.0217202e-4 2.1650083e-4 1.4312715e-4 3.7806516e-4 3.0701165e-4 3.3429818e-4 8.595539e-4 2.447442e-4 7.9184107e-4 5.401336e-4 7.554712e-4 0.00134699 3.9815332e-4 0.003434882 0.0017710264 0.006307887 0.0017161103 0.00559619 0.04347615 0.008546423 0.3329504 0.002885294 0.32937858 0.1292703 0.019695707 0.0825697 0.0014868616 0.016974278 0.0012712341 0.001917447 0.002068249 0.0010933969 1.2153539e-4 1.0682123e-4 6.5963675e-4 0.3329504 1.5866208 2.5285428 0.14174668
1007 1 19 "chorale151" NA NA NA 1 NA NA 0 24 0 0 40 69 96 4 NA 0 1 24 552 6 3 0.8939699 0.10603008 1.0 1.0 0.41134316 1.2815857 2.1732016 2.5293634e-6 6.1309815e-6 2.6450116e-6 7.675416e-6 4.2668726e-6 1.6926913e-5 1.2598275e-5 1.4215861e-5 5.427942e-5 9.1338e-6 5.5245666e-5 2.807905e-5 4.5197026e-5 2.6428816e-4 6.136016e-5 0.0054783802 5.096237e-5 0.004805775 0.0016867566 0.009786771 0.346969 0.027914083 0.41134316 0.0028315748 0.11109698 0.040525407 0.0047930744 0.022048833 4.4124637e-5 0.0060809767 1.3614834e-4 0.0024915892 3.0957934e-4 3.2148728e-6 0.0010136613 2.817375e-6 2.5293634e-6 0.41134316 1.2815857 2.1732016 0.7706355
1007 1 20 "chorale151" NA NA NA 1 NA NA 0 24 0 0 39 67 96 4 NA 0 1 24 576 7 1 0.76355875 0.23644117 1.0 1.0 0.3112891 1.683673 2.6859012 4.1081585e-5 8.751307e-5 4.2680662e-5 1.06025705e-4 6.4212094e-5 2.083441e-4 1.6189218e-4 1.7948778e-4 5.6365796e-4 1.2300977e-4 5.72217e-4 3.2101182e-4 4.8204922e-4 0.0022889199 6.2589097e-4 0.005763484 5.34103e-4 0.007956496 0.012591457 0.027355483 0.3112891 0.02657046 0.29899442 0.020194424 0.15571696 0.041472983 0.006004914 0.07119854 4.7226303e-4 0.003951497 0.0012363237 0.0015009656 6.875265e-4 5.0420385e-5 5.0394534e-4 4.504521e-5 4.1081585e-5 0.3112891 1.683673 2.6859012 0.12351712
1007 1 21 "chorale151" NA NA NA 1 NA NA 0 24 0 0 39 67 96 4 NA 0 1 24 600 7 1 0.49251223 0.5074878 1.0 1.0 0.18779527 2.4127674 3.0694623 3.5997716e-4 5.8629573e-4 3.6895374e-4 6.635471e-4 4.80164e-4 0.0010258926 8.7183894e-4 9.318351e-4 0.0034567006 7.302877e-4 0.0018765479 0.001599361 0.002086937 0.008641778 0.0011500805 0.012205301 0.004239036 0.020366354 0.04265983 0.030909574 0.18779527 0.0051815156 0.23494472 0.014347853 0.24566397 0.11521206 0.0021795458 0.042439964 0.0026676024 0.006607602 0.0015979998 8.589504e-4 0.0037172087 4.1082362e-4 4.2255316e-4 3.8201173e-4 3.5997716e-4 0.18779527 2.4127674 3.0694623 0.23926185
1007 1 22 "chorale151" NA NA NA 1 NA NA -1 24 0 1 38 66 96 4 NA 0 1 48 624 7 1 0.2163849 0.7836151 1.0 1.0 0.008362466 6.9018555 2.9296412 0.0015144248 0.0018763776 0.0015309022 0.0019812419 0.001718766 0.0023992506 0.00223372 0.0022999963 0.0034062339 0.0020664467 0.003128228 0.0030331567 0.003356651 0.0051763537 0.0025227773 0.0055053593 0.004637423 0.0060377307 0.007932776 0.008362466 0.27206966 0.0050942097 0.13899884 0.0059265145 0.28242043 0.1403512 0.0033408646 0.056807354 0.0038559614 0.0041547245 0.0041655703 0.0022191512 0.0035763958 0.0016049361 0.0016249097 0.001554475 0.0015144248 0.008362466 6.9018555 2.9296412 0.19388908
1007 1 23 "chorale151" NA NA NA 1 NA NA 1 48 0 0 44 76 96 4 NA 0 1 24 672 8 0 0.8745871 0.1254129 0.99999994 1.0 0.23355749 2.0981503 2.8385563 1.5954985e-5 3.7938276e-5 1.6668317e-5 4.726437e-5 2.6611571e-5 1.024619e-4 7.674971e-5 8.6377644e-5 3.2036682e-4 5.6033183e-5 6.21077e-4 1.6811298e-4 8.395711e-4 5.9761474e-4 3.8536842e-4 0.01289144 0.004328371 0.18119115 0.007123076 0.15931362 0.24311805 0.0067287376 0.05442977 0.011430305 0.029796846 0.0064035268 0.0034080113 0.04197101 2.2014197e-4 0.23355749 1.823234e-4 3.5642693e-4 7.6464006e-5 2.0173931e-5 2.1208056e-5 1.7730226e-5 1.5954985e-5 0.23355749 2.0981503 2.8385563 1.9531778
1007 1 24 "chorale151" NA NA NA 1 NA NA 0 24 0 0 43 74 96 4 NA 0 1 24 696 4 0 0.99134076 0.008659258 1.0 1.0 0.5368831 0.8973201 1.91836 1.1849477e-5 3.163005e-5 1.2451751e-5 4.057881e-5 2.1160857e-5 9.7540826e-5 7.0298964e-5 8.037579e-5 3.5511042e-4 4.9212744e-5 3.121056e-4 1.7097479e-4 2.8985195e-4 7.1992015e-4 1.05817635e-4 8.825005e-4 2.8106358e-4 0.0031333326 0.0011392914 0.0012062669 0.0025630505 0.0035919093 0.008921797 0.0013895913 0.01345303 0.018687742 0.01760346 0.5368831 0.039804667 0.31337193 0.018352313 0.01254024 0.0029829424 1.5459522e-5 8.021692e-4 1.3354687e-5 1.1849477e-5 0.5368831 0.8973201 1.91836 3.8085082
1007 1 25 "chorale151" NA NA NA 1 NA NA 0 24 0 0 42 72 96 4 NA 0 1 24 720 4 1 0.6884784 0.31152165 1.0 1.0 0.46607965 1.1013515 2.689998 1.0881877e-4 2.1519678e-4 1.12630776e-4 2.5584648e-4 1.6277985e-4 4.7043816e-4 3.747311e-4 4.1126588e-4 0.0011540791 2.9252487e-4 0.0010551182 9.079135e-4 0.0010022828 0.0021655203 4.978149e-4 0.005511776 9.810785e-4 0.0027746158 0.0034745005 0.012672416 0.027507665 0.0018469784 0.03691926 0.014773863 0.12583844 0.46607965 0.03846117 0.15075517 0.016005108 0.06685913 0.008496719 0.0036513358 0.0073749674 1.3089273e-4 4.711808e-4 1.18242046e-4 1.0881877e-4 0.46607965 1.1013515 2.689998 1.5827843
1007 1 26 "chorale151" NA NA NA 1 NA NA 0 24 0 0 41 71 96 4 NA 0 1 24 744 4 2 0.32635978 0.6736402 0.99999994 1.0 0.39658993 1.33428 2.440859 4.3749015e-4 6.044264e-4 4.4468918e-4 6.560905e-4 5.2951026e-4 8.7570056e-4 7.861937e-4 8.216405e-4 0.0013399881 6.991082e-4 0.0012842357 0.0011683278 0.0012533397 0.002733916 8.994983e-4 0.002693913 0.0016910672 0.002900361 0.0049341703 0.012947956 0.038381975 0.0023841097 0.063717656 0.009476614 0.39658993 0.34124446 0.0026026976 0.06880953 0.0033888912 0.02217657 0.0046258345 7.784729e-4 0.0023774595 8.1868435e-4 9.953149e-4 0.0014926777 4.3749015e-4 0.39658993 1.33428 2.440859 0.45342246
1007 1 27 "chorale151" NA NA NA 1 NA NA 0 24 0 0 40 69 96 4 NA 0 1 24 768 5 2 0.7782329 0.2217672 1.0 1.0 0.44453803 1.1696212 2.3710957 2.4926749e-5 5.387707e-5 2.5916026e-5 6.551548e-5 3.929738e-5 1.3042241e-4 1.0085357e-4 1.1203701e-4 3.5966106e-4 7.622765e-5 3.2499983e-4 2.0262825e-4 3.0666468e-4 6.2637695e-4 1.3903367e-4 0.0022983265 6.996191e-4 0.0039698337 8.4476644e-4 0.0032051145 0.04904718 0.0056211385 0.44453803 0.001999061 0.20289673 0.15674822 0.015828783 0.08067961 5.154782e-4 0.024051469 0.00189521 7.0519024e-4 0.0012864252 2.6241803e-4 3.2110947e-5 2.7380162e-5 2.5936106e-4 0.44453803 1.1696212 2.3710957 0.6782226
1007 1 28 "chorale151" NA NA NA 1 NA NA 0 24 0 0 40 69 96 4 NA 0 1 24 792 6 3 0.7897593 0.2102407 1.0 1.0 0.24251758 2.0438387 2.4671204 6.14552e-6 1.34355e-5 6.3931016e-6 1.6385198e-5 9.75403e-6 3.29525e-5 2.53848e-5 2.8243616e-5 9.224743e-5 1.910708e-5 9.369664e-5 5.153119e-5 7.846922e-5 3.7347467e-4 1.02801176e-4 0.011048246 8.724913e-5 0.007588927 0.0026012794 0.016676465 0.3753545 0.029221062 0.24251758 0.0030349363 0.21094653 0.031353526 0.00483158 0.042311445 7.6822114e-5 0.015288395 2.0786235e-4 0.0014445459 0.004030252 7.5957396e-6 4.0837147e-4 6.7597816e-6 6.14552e-6 0.24251758 2.0438387 2.4671204 0.6960869
1007 1 29 "chorale151" NA NA NA 1 NA NA -1 24 0 0 39 67 96 4 NA 0 1 48 816 7 2 0.60431826 0.39568177 0.99999994 1.0 0.41655734 1.2634131 2.4945166 7.744755e-5 1.4090944e-4 7.982392e-5 1.6402049e-4 1.1028715e-4 2.7995338e-4 2.2928635e-4 2.4879535e-4 6.154282e-4 1.8448842e-4 6.2281283e-4 3.9415975e-4 5.4377445e-4 0.0018658016 6.6861324e-4 0.005054671 5.8974593e-4 0.0050016344 0.009962884 0.024043987 0.41655734 0.018045304 0.19513607 0.010453478 0.20784973 0.040392615 0.0040029925 0.044620063 5.350188e-4 0.007511607 0.001145919 0.0013360553 7.2020944e-4 9.107815e-5 5.632323e-4 8.3304185e-5 7.744755e-5 0.41655734 1.2634131 2.4945166 0.050937787
1007 2 1 "chorale61_modifed_with_accidentals" NA NA NA 1 NA NA 1 0 0 0 39 67 96 4 NA 0 -3 24 0 0 0 0.78937757 0.21062249 1.0 1.0 0.085611984 3.5460436 4.541366 0.0017803651 0.003890794 0.0018520539 0.004744541 0.0028251153 0.009538577 0.007348927 0.008176135 0.026689058 0.005532283 0.024082012 0.014913222 0.022704514 0.04685176 0.010177685 0.05509863 0.02215464 0.05154891 0.058176503 0.029570777 0.085611984 0.023323443 0.09724174 0.051284496 0.06848875 0.07842693 0.029007487 0.070224695 0.019022344 0.03092467 0.016046453 0.00717558 0.007324231 0.0022002668 0.002301815 0.0019582256 0.0017803651 0.085611984 3.5460436 4.541366 NA
1007 2 2 "chorale61_modifed_with_accidentals" NA NA NA 1 NA NA 0 24 0 0 38 65 96 4 NA 0 -3 24 24 1 0 0.81488407 0.1851159 0.99999994 0.99999994 0.11861459 3.0756466 3.6126244 3.390988e-4 7.600256e-4 3.5320345e-4 9.3275664e-4 5.46178e-4 0.0019180427 0.0014653413 0.0016359114 0.0066038854 0.0010930356 0.0052092583 0.00399879 0.006210587 0.019612053 0.002317221 0.030455913 0.020060046 0.049576294 0.11861459 0.059778534 0.2712536 0.027963495 0.15814106 0.041926235 0.049959447 0.047851533 0.0066731656 0.031026341 0.009322379 0.012935379 0.003993161 0.0014296736 0.0044665514 4.219538e-4 4.420722e-4 3.741248e-4 3.390988e-4 0.11861459 3.0756466 3.6126244 0.49020803
1007 2 3 "chorale61_modifed_with_accidentals" NA NA NA 1 NA NA 0 24 0 -1 37 63 96 4 NA 0 -3 24 48 2 0 0.82378614 0.1762138 1.0 1.0 0.06929805 3.8510413 3.568632 2.7950128e-4 6.319966e-4 2.912566e-4 7.773677e-4 4.5253595e-4 0.0016111527 0.0012272694 0.0013717765 0.0053726584 9.125249e-4 0.007881453 0.011373972 0.004662697 0.043256447 0.0022591813 0.062425613 0.06929805 0.12336562 0.21872492 0.0061026043 0.19819424 0.010466273 0.06596792 0.051449943 0.012786366 0.039664075 0.0067318473 0.026268147 0.010023482 0.0057126163 0.006734192 0.0011970743 0.0012229657 3.4862576e-4 3.6543392e-4 3.0870267e-4 2.7950128e-4 0.06929805 3.8510413 3.568632 0.4234178
1007 2 4 "chorale61_modifed_with_accidentals" NA NA NA 1 NA NA 0 24 0 0 38 65 96 4 NA 0 -3 24 72 3 0 0.92696786 0.073032096 1.0 1.0 0.1810044 2.4659033 3.1769893 4.4369564e-5 1.11121546e-4 4.647489e-5 1.4027227e-4 7.630744e-5 3.185123e-4 2.3449028e-4 2.6578072e-4 0.001744439 1.6800029e-4 9.450216e-4 0.048114706 0.0022296733 0.0774061 0.015252991 0.2297344 0.19877796 0.017825946 0.1810044 0.0038022161 0.08392309 0.009689063 0.005782296 0.076569505 0.0038548782 0.019241774 0.0015159022 0.003320887 0.014976744 0.0012676095 9.4240415e-4 2.2800843e-4 2.335652e-4 5.6896115e-5 5.9992e-5 4.961894e-5 4.4369564e-5 0.1810044 2.4659033 3.1769893 0.81577986
1007 2 5 "chorale61_modifed_with_accidentals" NA NA NA 1 NA NA 0 24 0 0 39 67 96 4 NA 0 -3 24 96 4 1 0.80341566 0.19658436 1.0 1.0 0.36534268 1.4526777 2.8067894 9.686846e-5 2.1466022e-4 1.0083981e-4 2.6268783e-4 1.5498049e-4 5.3471647e-4 4.10062e-4 4.5708558e-4 0.001730781 3.071402e-4 0.0023745105 0.012430373 0.0015073433 0.03552942 7.4354553e-4 0.03875657 0.16631113 0.021330442 0.23269461 0.018973816 0.36534268 0.021862553 0.018508822 0.029551597 0.0040317033 0.009322912 0.001861662 0.007287756 0.0025020558 0.0018375072 0.0017106823 4.0021952e-4 4.0865954e-4 1.2016692e-4 1.2581388e-4 1.067264e-4 9.686846e-5 0.36534268 1.4526777 2.8067894 0.7663767
1007 2 6 "chorale61_modifed_with_accidentals" NA NA NA 1 NA NA 0 24 0 -1 40 68 96 4 NA 0 -3 24 120 5 1 0.5341334 0.4658666 0.99999994 0.99999994 0.06203922 4.0106754 2.7265105 2.266938e-4 3.8475456e-4 2.3283089e-4 4.4002917e-4 3.0983286e-4 7.0583465e-4 5.9165095e-4 6.3593226e-4 0.0015872768 4.8822624e-4 0.0013587002 0.00841949 0.001524661 0.0068909414 7.9895667e-4 0.0063183475 0.17843351 0.01315142 0.35068384 0.006726238 0.24938579 0.06203922 0.050543502 0.018345907 0.0059798844 0.011137142 0.001598172 0.005916272 0.005893482 0.0040060743 0.0024348819 5.821714e-4 0.0012283884 2.6161896e-4 2.697294e-4 2.4178086e-4 2.266938e-4 0.06203922 4.0106754 2.7265105 0.23393707
1007 2 7 "chorale61_modifed_with_accidentals" NA NA NA 1 NA NA -1 24 0 -1 41 70 96 4 NA 0 -3 48 144 6 0 0.9388934 0.061106615 1.0 1.0 0.2704693 1.8864633 2.642713 1.2645814e-5 3.204709e-5 1.3253754e-5 4.057548e-5 2.1900674e-5 9.311074e-5 6.827905e-5 7.751502e-5 3.165829e-4 1.4495353e-4 2.8015068e-4 1.584346e-4 4.3789437e-4 6.1825925e-4 1.0057733e-4 0.0011634169 0.04178691 0.005257873 0.17191848 0.008969308 0.18293644 0.2405828 0.0403985 0.2704693 0.006677442 0.018714044 0.002070244 0.0010827561 3.0173443e-4 0.004248682 4.4054e-4 6.6367735e-5 6.8006215e-5 3.8690757e-4 1.7164852e-5 1.4162298e-5 1.2645814e-5 0.2704693 1.8864633 2.642713 0.8418496
1007 2 8 "chorale61_modifed_with_accidentals" NA NA NA 1 NA NA 1 48 0 0 42 72 96 4 NA 0 -3 24 192 7 0 0.97023314 0.029766865 1.0 1.0 0.15425597 2.6966019 2.5111966 4.271631e-6 1.1166418e-5 4.484008e-6 1.4249816e-5 7.5346775e-6 3.36191e-5 2.4399293e-5 2.7817287e-5 1.1907329e-4 1.7210903e-5 1.04941246e-4 0.002895866 9.761237e-5 3.403305e-4 9.016523e-5 0.0011640226 0.026280731 5.214285e-4 0.0053360295 1.3506603e-4 0.14853412 0.2856734 0.0161476 0.2952434 0.008366004 0.15425597 3.129267e-4 0.0036403053 0.049037285 1.6882813e-4 9.7478094e-4 2.3693827e-5 2.6108383e-4 6.057729e-5 5.8575424e-6 5.9891423e-5 4.271631e-6 0.15425597 2.6966019 2.5111966 0.94101936
1007 2 9 "chorale61_modifed_with_accidentals" NA NA NA 1 NA NA 0 24 0 -1 41 70 96 4 NA 0 -3 24 216 5 0 0.90175843 0.09824156 1.0 0.99999994 0.21534128 2.2153032 3.251782 2.436895e-5 5.9525693e-5 2.5493076e-5 7.46666e-5 4.129647e-5 1.658037e-4 1.2308643e-4 1.3903664e-4 5.3710653e-4 8.898851e-5 4.7760038e-4 0.0011224299 4.4652136e-4 0.004106161 1.7855398e-4 0.0022210805 0.05876082 0.004414718 0.019279199 0.0015685359 0.02309777 0.15258731 0.06048235 0.21534128 0.048009526 0.1357513 0.028236385 0.19657905 0.01891549 0.006026259 0.017162975 1.1977532e-4 0.0015464072 1.3765882e-4 0.00171222 4.1486617e-4 2.436895e-5 0.21534128 2.2153032 3.251782 0.7647924
1007 2 10 "chorale61_modifed_with_accidentals" NA NA NA 1 NA NA 0 24 0 -1 40 68 96 4 NA 0 -3 24 240 6 1 0.850754 0.14924602 1.0 1.0 0.31392255 1.6715193 2.9097853 3.7370784e-5 8.678839e-5 3.8995087e-5 1.07477244e-4 6.146835e-5 2.2813285e-4 1.7223516e-4 1.9321809e-4 6.9148286e-4 1.2682758e-4 6.189706e-4 0.00186706 5.8089884e-4 0.0026274193 5.4184964e-4 0.0066024875 0.025755169 0.002810898 0.03187011 7.722774e-4 0.118534215 0.31392255 0.1418902 0.1692663 0.0048386375 0.12611522 0.002220639 0.018672183 0.018310085 0.0012735139 0.0063966503 1.6786062e-4 0.0013764439 3.823139e-4 4.9291062e-5 7.5530505e-4 3.7370784e-5 0.31392255 1.6715193 2.9097853 0.8364199
1007 2 11 "chorale61_modifed_with_accidentals" NA NA NA 1 NA NA 0 24 0 0 39 67 96 4 NA 0 -3 12 264 6 1 0.99293584 0.007064139 1.0 1.0 0.7266282 0.46071076 1.6080923 6.631861e-6 1.773055e-5 6.9694947e-6 2.2755992e-5 1.1854268e-5 5.477669e-5 3.945748e-5 4.5123135e-5 1.998369e-4 8.747609e-5 1.7559968e-4 9.610227e-5 2.8162205e-4 4.0559305e-4 5.9432547e-5 0.0050143925 0.0048226803 0.003901573 0.044825092 0.006863402 0.7266282 0.095586695 0.021738395 0.027755931 0.0050235935 0.050551344 0.0033343036 7.335981e-4 1.8993815e-4 8.88526e-4 2.834218e-4 3.8290334e-5 3.9290764e-5 2.470643e-4 9.1614975e-6 7.4757286e-6 6.631861e-6 0.7266282 0.46071076 1.6080923 1.536258
1007 2 12 "chorale61_modifed_with_accidentals" NA NA NA 1 NA NA 0 12 0 0 38 65 96 4 NA 0 -3 12 276 8 1 0.82244813 0.17755195 1.0 1.0 0.3451457 1.5347226 2.6836035 1.6192087e-5 3.6564383e-5 1.6871969e-5 4.4959757e-5 2.6195838e-5 9.3072216e-5 7.092761e-5 7.926476e-5 3.241495e-4 5.276296e-5 2.551323e-4 1.953674e-4 3.0467086e-4 0.0042775585 1.1263967e-4 0.0015162807 0.050734553 0.0024793977 0.3451457 0.002994828 0.14046195 0.1950057 0.007994529 0.08497171 0.0024987382 0.02472072 3.2758183e-4 0.008403146 0.12564175 6.3890335e-4 1.9508983e-4 6.918535e-5 2.1844484e-4 2.0189367e-5 2.1161126e-5 1.7880899e-5 1.6192087e-5 0.3451457 1.5347226 2.6836035 1.5455728
1007 2 13 "chorale61_modifed_with_accidentals" NA NA NA 1 NA NA 0 12 0 0 38 65 96 4 NA 0 -3 48 288 6 2 0.2755005 0.7244995 1.0 1.0 0.099658735 3.32686 2.8762846 0.00121455 0.0015955669 0.0012313997 0.0017099539 0.001426927 0.002181904 0.0019920801 0.0020676374 0.003264083 0.0018041267 0.0037103626 0.0041946266 0.003112979 0.007190822 0.0024430652 0.007843636 0.39143747 0.009593938 0.099658735 0.0034061514 0.23715554 0.046569977 0.0075510214 0.07635775 0.0043620854 0.042392034 0.0071631772 0.0055496455 0.005448138 0.0033317497 0.003967264 0.0019755529 0.001989741 0.0013077139 0.0013284697 0.0012555913 0.00121455 0.099658735 3.32686 2.8762846 1.3079621
1007 2 14 "chorale61_modifed_with_accidentals" NA NA NA 1 NA NA -1 48 0 -1 37 63 96 4 NA 0 -3 48 336 6 1 0.4759388 0.5240612 1.0 1.0 0.16110848 2.6338956 3.190614 7.223283e-4 0.0011573049 7.397274e-4 0.0013043493 9.541993e-4 0.0019872673 0.0016981211 0.001810918 0.003985177 0.0014309207 0.00570657 0.0072987177 0.0038576336 0.011999162 0.0024158927 0.015792813 0.16110848 0.020895416 0.25316098 0.0045990464 0.23927125 0.028658492 0.017600149 0.121662095 0.0065766117 0.04666897 0.0041610408 0.010475397 0.007049292 0.0041289735 0.004602806 0.0016738559 0.001694678 8.2069956e-4 8.4333227e-4 7.650119e-4 7.223283e-4 0.16110848 2.6338956 3.190614 0.30179176
1007 2 15 "chorale61_modifed_with_accidentals" NA NA NA 1 NA NA 1 48 0 0 39 67 96 4 NA 0 -3 24 384 7 1 0.550676 0.44932404 1.0 1.0 0.108090654 3.2096865 3.1336777 2.8264016e-4 4.8763404e-4 2.9053216e-4 5.60012e-4 3.900538e-4 9.115384e-4 7.599132e-4 8.186157e-4 0.0025032663 6.233544e-4 0.0017392397 0.015433864 0.0028961783 0.030422062 0.008019008 0.046535116 0.15993723 0.009957512 0.2998144 0.0039767306 0.108090654 0.02798839 0.0051013264 0.0927432 0.0040093595 0.15526219 0.0023029177 0.0036694894 0.007910438 0.0020707531 0.0017363764 7.4736355e-4 7.5813074e-4 3.2763553e-4 3.3811215e-4 3.020528e-4 2.8264016e-4 0.108090654 3.2096865 3.1336777 0.2537823
1007 2 16 "chorale61_modifed_with_accidentals" NA NA NA 1 NA NA 0 24 0 -1 41 70 96 4 NA 0 -3 24 408 4 1 0.42495114 0.57504886 0.99999994 1.0 0.14806554 2.7556922 2.7998338 4.3632393e-4 6.6464714e-4 4.4569594e-4 7.39558e-4 5.5944955e-4 0.0010770712 9.3599275e-4 9.913123e-4 0.002052353 8.0331316e-4 0.001813538 0.0015799208 0.001987676 0.0036205205 0.0011886753 0.004554622 0.05989301 0.005872191 0.3464292 0.0064741387 0.17881061 0.16104157 0.012746171 0.14806554 0.0058958144 0.033225615 0.002063553 0.004598911 0.00245659 0.0029141738 0.0015787606 9.240417e-4 0.0016737455 4.890106e-4 5.010339e-4 4.5927358e-4 4.3632393e-4 0.14806554 2.7556922 2.7998338 0.6260216
1007 2 17 "chorale61_modifed_with_accidentals" NA NA NA 1 NA NA 0 24 0 -1 40 68 96 4 NA 0 -3 24 432 4 1 0.5100358 0.48996425 0.99999994 1.0 0.13167508 2.9249458 3.124301 3.3581795e-4 5.5652193e-4 3.444938e-4 6.3263e-4 4.525532e-4 9.933735e-4 8.393299e-4 8.992156e-4 0.0019312251 6.9863914e-4 0.0018071308 0.013568082 0.001739648 0.003354209 0.0016685651 0.0077309087 0.04037506 0.0065107523 0.057754513 0.0020635002 0.17182086 0.13167508 0.028037027 0.20285785 0.006497056 0.26268825 0.0032094049 0.013308841 0.01980981 0.0023202915 0.006343224 8.2648394e-4 0.0029179156 0.0013537613 3.964483e-4 0.0013456821 3.3581795e-4 0.13167508 2.9249458 3.124301 0.78777754
1007 2 18 "chorale61_modifed_with_accidentals" NA NA NA 1 NA NA 0 24 0 0 39 67 96 4 NA 0 -3 24 456 4 2 0.8099285 0.19007158 1.0 1.0 0.5793778 0.7874238 2.2074573 4.5738765e-5 1.0201292e-4 4.7629437e-5 1.2504157e-4 7.3457086e-5 2.560003e-4 1.9589886e-4 2.185557e-4 7.357391e-4 3.7502928e-4 6.6209625e-4 4.0493137e-4 9.73317e-4 0.0013106272 2.7361454e-4 0.006104636 0.008909985 0.008306629 0.15153101 0.013167811 0.5793778 0.08616427 0.027743664 0.05670511 0.010208621 0.030962104 0.0073074615 0.0021252579 7.0587336e-4 0.0024847735 9.783878e-4 1.9115915e-4 1.9522343e-4 8.747358e-4 5.9532093e-5 5.0433042e-5 4.5738765e-5 0.5793778 0.7874238 2.2074573 1.2238427
1007 2 19 "chorale61_modifed_with_accidentals" NA NA NA 1 NA NA 0 24 0 0 38 65 96 4 NA 0 -3 24 480 5 2 0.86188805 0.13811201 1.0 1.0 0.5915194 0.75750256 2.0871682 1.1322229e-5 2.6585909e-5 1.1820927e-5 3.30158e-5 1.8744786e-5 7.077361e-5 5.3236283e-5 5.981183e-5 2.6168826e-4 3.904452e-5 2.0361888e-4 1.5393813e-4 2.4523318e-4 0.0039080977 8.644038e-5 0.0013181039 0.06197893 0.0022067733 0.5915194 0.0026897804 0.08710079 0.10910851 0.0075263865 0.091101035 0.0022248158 0.018691717 2.6459282e-4 0.007930011 0.0101910615 5.32851e-4 1.5370893e-4 5.1866693e-5 1.7304586e-4 1.4267464e-5 1.4987941e-5 1.25627475e-5 1.1322229e-5 0.5915194 0.75750256 2.0871682 1.3984538
1007 2 20 "chorale61_modifed_with_accidentals" NA NA NA 1 NA NA 0 24 0 -1 37 63 96 4 NA 0 -3 24 504 6 3 0.18525238 0.81474763 0.99999994 1.0 0.27596882 1.8574228 2.6567943 0.0011352504 0.0013638713 0.001145817 0.0014288698 0.0012651791 0.0016833298 0.0015833948 0.0016235313 0.0022069518 0.0014813181 0.0024055622 0.002612409 0.0021377213 0.0037535743 0.001816288 0.0039054165 0.27596882 0.004516712 0.35243133 0.0022710909 0.16712372 0.041621525 0.0038789897 0.068712264 0.0026820875 0.026940078 0.0028757586 0.0031534696 0.0036699998 0.0022376128 0.0025163272 0.0015745495 0.0015821445 0.0011930941 0.0012057944 0.0011609051 0.0011352504 0.27596882 1.8574228 2.6567943 0.42533472
1007 2 21 "chorale61_modifed_with_accidentals" NA NA NA 1 NA NA -1 24 0 0 36 62 96 4 NA 0 -3 48 528 7 3 0.36193693 0.638063 1.0 1.0 0.017417457 5.8433223 2.8202984 6.126621e-4 8.76798e-4 6.238527e-4 9.6029136e-4 7.5712125e-4 0.0013227093 0.0011736366 0.0012324626 0.0025693611 0.0010303633 0.0020224657 0.009382523 0.0028277542 0.011593204 0.0068160933 0.017417457 0.084133215 0.0063671726 0.37991488 0.003482947 0.1878225 0.036415275 0.0041023623 0.17982994 0.0035017028 0.031454735 0.00243228 0.003303657 0.00678222 0.002268198 0.0020202769 0.0011608613 0.0011718266 6.7513227e-4 6.8924483e-4 6.400035e-4 6.126621e-4 0.017417457 5.8433223 2.8202984 0.29535246
1007 2 22 "chorale61_modifed_with_accidentals" NA NA NA 1 NA NA 1 48 0 -1 37 63 96 4 NA 0 -3 24 576 6 0 0.94133323 0.058666762 1.0 1.0 0.28510886 1.8104153 2.609054 1.2494644e-5 3.1740554e-5 1.3096912e-5 1.5531272e-4 2.1669752e-5 1.1153812e-4 2.3566358e-4 2.801373e-4 0.0010128289 6.804077e-5 9.45939e-4 0.010295839 0.0022479324 0.09994544 0.0021426193 0.040115193 0.28510886 0.007897662 0.13969502 0.0016837451 0.03507125 0.3344476 0.011006167 0.011359904 0.0016376061 0.0016097953 3.483684e-4 0.009948564 2.2879952e-4 4.284943e-4 0.0016999741 6.585734e-5 6.7487505e-5 1.608401e-5 1.6973117e-5 1.3997112e-5 1.2494644e-5 0.28510886 1.8104153 2.609054 1.6455364
1007 2 23 "chorale61_modifed_with_accidentals" NA NA NA 1 NA NA 0 24 0 0 38 65 96 4 NA 0 -3 24 600 6 1 0.74937207 0.25062796 1.0 1.0 0.36481473 1.4547641 2.8956907 9.027151e-5 1.8961608e-4 9.371877e-5 2.2891021e-4 1.3993197e-4 4.4420626e-4 3.4678853e-4 3.837437e-4 0.016635694 2.6484678e-4 0.0010700652 0.048525363 0.002141834 0.07144412 0.004058267 0.20459318 0.11728305 0.01622497 0.36481473 0.003297404 0.08187776 0.011944851 0.004627587 0.021664612 0.0033342761 0.012377524 0.0015679068 0.0029556407 0.0038551164 0.0013568072 0.0010676684 3.3901833e-4 3.456821e-4 1.1037154e-4 1.15201816e-4 9.881185e-5 9.027151e-5 0.36481473 1.4547641 2.8956907 1.663507
1007 2 24 "chorale61_modifed_with_accidentals" NA NA NA 1 NA NA 0 24 0 0 39 67 96 4 NA 0 -3 24 624 6 2 0.7980412 0.20195882 1.0 1.0 0.53793305 0.89450145 2.2662835 4.6132558e-5 1.01686885e-4 4.801096e-5 1.2427014e-4 7.35761e-5 2.5175922e-4 1.934116e-4 2.1543444e-4 8.085215e-4 1.4514741e-4 0.0011068908 0.015076934 7.0479553e-4 0.021725614 3.4931052e-4 0.03694349 0.16171224 0.009798345 0.13735075 0.002655148 0.53793305 0.011753617 0.0085102795 0.035807747 0.0018727564 0.007031465 8.692376e-4 0.0033718385 0.0011659388 8.580343e-4 7.99195e-4 1.8879992e-4 1.9275451e-4 5.7145735e-5 5.9812788e-5 5.079435e-5 4.6132558e-5 0.53793305 0.89450145 2.2662835 1.055318
1007 2 25 "chorale61_modifed_with_accidentals" NA NA NA 1 NA NA 0 24 0 0 39 67 96 4 NA 0 -3 24 648 6 2 0.94827574 0.051724292 1.0 1.0 0.08852913 3.497704 1.9199617 3.5210671e-6 9.006401e-6 3.6920721e-6 1.1430111e-5 6.131521e-6 2.6447904e-5 1.9334491e-5 2.1977676e-5 1.11487585e-4 1.374641e-5 8.459383e-5 0.0021562877 1.0379931e-4 0.0015109084 3.2956512e-5 0.0014685458 0.5525639 0.0047595883 0.23945758 0.0014473904 0.08852913 0.047360513 0.04369441 0.008080216 0.0011746316 0.004017231 1.1284982e-4 0.001152539 0.0011446688 5.7681516e-4 2.3830436e-4 1.8787934e-5 7.072932e-5 4.541024e-6 4.793949e-6 3.9477777e-6 3.5210671e-6 0.08852913 3.497704 1.9199617 1.3789546
1007 2 26 "chorale61_modifed_with_accidentals" NA NA NA 1 NA NA 0 24 0 -1 40 68 96 4 NA 0 -3 48 672 5 1 0.60606486 0.39393508 0.99999994 1.0 0.21681088 2.2054908 3.047655 2.341226e-4 4.267042e-4 2.413274e-4 4.969076e-4 3.3373685e-4 8.494431e-4 6.953063e-4 7.546449e-4 0.0022668492 5.591061e-4 0.0017859023 0.0016380082 0.0021756345 0.005380174 9.776929e-4 0.02624429 0.12135082 0.012372848 0.16139406 0.01263604 0.28193805 0.21681088 0.031145789 0.053169966 0.010971945 0.030154185 0.0021470976 0.0073413895 0.0029826614 0.0037585148 0.0029815238 6.8267924e-4 0.0020549938 2.7545672e-4 2.8516623e-4 2.5188015e-4 2.341226e-4 0.21681088 2.2054908 3.047655 1.047452
1007 2 27 "chorale61_modifed_with_accidentals" NA NA NA 1 NA NA -1 48 0 0 39 67 96 4 NA 0 -3 48 720 6 2 0.92258376 0.07741625 1.0 0.99999994 0.07929161 3.656688 1.983537 8.276951e-6 2.0639398e-5 8.667788e-6 2.6025074e-5 1.4198351e-5 5.886562e-5 4.3399974e-5 4.916214e-5 1.9593717e-4 9.0939284e-5 1.7375742e-4 9.924344e-5 2.6949545e-4 3.7822526e-4 6.3500935e-5 8.4951334e-4 0.006916808 0.0030991395 0.3254553 0.0052379435 0.07929161 0.054656312 0.02942543 0.47684568 0.0039195674 0.007581756 0.0012401785 6.5596873e-4 1.8690315e-4 0.0025135828 2.710953e-4 4.2205906e-5 4.322956e-5 2.3862904e-4 1.1175284e-5 9.251303e-6 8.276951e-6 0.07929161 3.656688 1.983537 1.5060496
1007 2 28 "chorale61_modifed_with_accidentals" NA NA NA 1 NA NA 1 48 0 0 39 67 96 4 NA 0 -3 24 768 4 2 0.762971 0.237029 1.0 1.0 0.17017941 2.5548716 2.4257827 3.496417e-5 7.443823e-5 3.632406e-5 9.0171685e-5 5.4631542e-5 1.7709828e-4 1.376396e-4 1.5258712e-4 5.635717e-4 1.0460415e-4 4.513244e-4 3.5233676e-4 5.320852e-4 0.009806157 2.11394e-4 0.004192199 0.055532396 0.003720923 0.4849265 0.004433477 0.17017941 0.102960505 0.011023714 0.098882794 0.003747841 0.03058439 5.691055e-4 0.0067504956 0.007621129 0.0010576159 3.5187238e-4 1.3450028e-4 3.9078784e-4 4.2905565e-5 4.4818087e-5 3.8334852e-5 3.496417e-5 0.17017941 2.5548716 2.4257827 0.7604184
1007 2 29 "chorale61_modifed_with_accidentals" NA NA NA 1 NA NA 0 24 0 -1 40 68 96 4 NA 0 -3 24 792 5 2 0.51529783 0.4847022 1.0 1.0 0.17947896 2.4781134 2.6578712 2.7113466e-4 4.5167646e-4 2.7821268e-4 5.141258e-4 3.665118e-4 8.11062e-4 6.8409933e-4 7.3343073e-4 0.0018685277 5.683519e-4 0.0015256151 0.0014175088 0.0018044056 0.003896329 9.1406354e-4 0.01745505 0.017301075 0.0071403533 0.24612902 0.008052586 0.35911644 0.17947896 0.014964351 0.087488815 0.0071415524 0.022535227 0.0017842627 0.005074835 0.002359564 0.0028721415 0.0014164565 6.7352195e-4 0.0017189737 3.1132944e-4 3.2063553e-4 2.88523e-4 2.7113466e-4 0.17947896 2.4781134 2.6578712 0.32661211
1007 2 30 "chorale61_modifed_with_accidentals" NA NA NA 1 NA NA 0 24 0 -1 41 70 96 4 NA 0 -3 24 816 4 3 0.64066994 0.3593301 1.0 1.0 0.28157657 1.8284007 2.561091 8.853145e-5 1.6698058e-4 9.141395e-5 1.9615148e-4 1.287803e-4 3.4573715e-4 2.7978394e-4 3.0508448e-4 7.9692184e-4 4.6764553e-4 7.3313655e-4 4.9690186e-4 9.94372e-4 0.0012582543 3.644228e-4 0.0046343063 0.024233978 0.005421553 0.23346885 0.0078054513 0.2909666 0.07879811 0.02587715 0.28157657 0.0063819513 0.021188965 0.0028701813 0.00184429 7.7122264e-4 0.0046877745 9.984676e-4 2.7441562e-4 2.7902058e-4 9.138258e-4 1.0905437e-4 9.564474e-5 8.853145e-5 0.28157657 1.8284007 2.561091 0.24882
1007 2 31 "chorale61_modifed_with_accidentals" NA NA NA 1 NA NA 0 24 0 -1 40 68 96 4 NA 0 -3 24 840 5 2 0.35192913 0.6480709 1.0 1.0 0.3205388 1.6414291 2.4400647 2.387943e-4 3.3837397e-4 2.4303427e-4 3.696647e-4 2.9337656e-4 5.046891e-4 4.492926e-4 4.7117472e-4 7.984423e-4 3.958672e-4 7.6267833e-4 0.0025407928 7.4291095e-4 0.001168633 7.2183035e-4 0.008804293 0.03074925 0.0013642346 0.029058535 8.357881e-4 0.13716803 0.3205388 0.004738955 0.080292486 0.0037332892 0.35581434 0.0011335841 0.0027606383 0.007090364 9.062414e-4 0.0017117733 4.4453648e-4 0.0010615018 6.2485854e-4 2.677698e-4 6.2228297e-4 2.387943e-4 0.3205388 1.6414291 2.4400647 1.3807886
1007 2 32 "chorale61_modifed_with_accidentals" NA NA NA 1 NA NA 0 24 0 0 39 67 96 4 NA 0 -3 24 864 5 2 0.5112193 0.48878068 1.0 1.0 0.7398913 0.43461478 1.5861474 1.164822e-4 1.9326265e-4 1.1949862e-4 2.1975802e-4 1.5708206e-4 3.4543188e-4 2.9175123e-4 3.1261754e-4 6.7259383e-4 4.3957145e-4 6.292782e-4 4.613796e-4 8.0253097e-4 9.6833875e-4 3.6024922e-4 0.008377729 0.010872647 0.0031060465 0.059599042 0.004154341 0.7398913 0.042122062 0.0066494714 0.08941752 0.0035377424 0.01738683 0.002864686 0.0013138165 6.552294e-4 0.0014500298 8.051674e-4 2.872757e-4 2.9111592e-4 7.502203e-4 1.3756561e-4 1.2389147e-4 1.164822e-4 0.7398913 0.43461478 1.5861474 2.1939712
1007 2 33 "chorale61_modifed_with_accidentals" NA NA NA 1 NA NA 0 24 0 0 38 65 96 4 NA 0 -3 24 888 6 3 0.24605861 0.7539414 1.0 0.99999994 0.6178795 0.6946026 1.9154422 2.6992612e-4 3.444141e-4 2.7326823e-4 3.6638428e-4 3.11711e-4 4.5548702e-4 4.199248e-4 4.3412155e-4 6.616195e-4 3.8435386e-4 6.1588513e-4 5.686185e-4 6.494654e-4 0.0014316035 4.8224675e-4 0.0065462417 0.024726275 0.0012160807 0.6178795 0.0012867753 0.15339552 0.088423535 0.0017261505 0.07382565 0.0012189113 0.012668328 6.637077e-4 0.0027696204 0.0024722815 8.105374e-4 5.683767e-4 4.1681182e-4 5.879333e-4 2.8834483e-4 2.9242883e-4 2.7805805e-4 2.6992612e-4 0.6178795 0.6946026 1.9154422 1.4892756
1007 2 34 "chorale61_modifed_with_accidentals" NA NA NA 1 NA NA -1 24 0 0 39 67 96 4 NA 0 -3 48 912 7 4 0.30015755 0.6998424 1.0 1.0 0.23724927 2.0755246 2.8446555 8.1769505e-4 0.0011007702 8.3006214e-4 0.0011870177 9.7463385e-4 0.001548039 0.0014018946 0.001459923 0.00240084 0.0012584139 0.002760574 0.0031553288 0.0022800055 0.0056764954 0.001750958 0.03310314 0.29671106 0.0076614814 0.22873247 0.0025149067 0.23724927 0.0322166 0.005986972 0.07056286 0.0032928132 0.029536057 0.003686616 0.0042805253 0.004195294 0.0024551153 0.0029694524 0.0013892276 0.0014001012 8.862606e-4 9.0159697e-4 8.4784423e-4 8.1769505e-4 0.23724927 2.0755246 2.8446555 0.7685793
1007 2 35 "chorale61_modifed_with_accidentals" NA NA NA 1 NA NA 1 48 0 0 38 65 96 4 NA 0 -3 24 960 6 2 0.44521478 0.5547852 0.99999994 1.0 0.20557392 2.282271 2.7350295 2.087625e-4 3.2445203e-4 2.1346282e-4 3.6286347e-4 2.7086446e-4 5.3802325e-4 4.6443148e-4 4.9322925e-4 0.0010572087 3.9570214e-4 9.286957e-4 0.0029685285 0.0010223303 0.0035945075 5.9657026e-4 0.012858143 0.05484012 0.0064772116 0.20557392 0.003522752 0.22792411 0.31510893 0.021244785 0.09225478 0.0031937873 0.02893529 0.001063254 0.0031654427 0.0031552764 0.002287147 0.002737761 4.582206e-4 8.53837e-4 2.3524616e-4 2.4130949e-4 2.202807e-4 2.087625e-4 0.20557392 2.282271 2.7350295 0.72950035
1007 2 36 "chorale61_modifed_with_accidentals" NA NA NA 1 NA NA 0 24 0 0 38 65 96 4 NA 0 -3 24 984 6 2 0.36722553 0.63277453 1.0 0.99999994 0.2068249 2.2735183 3.056524 8.079013e-4 0.001162281 8.2287565e-4 0.0012746525 0.0010014884 0.001763945 0.0015624119 0.0016418971 0.0030175203 0.0013690714 0.0035796058 0.004832401 0.002832773 0.00834085 0.0020508394 0.050252452 0.24715203 0.014424166 0.2068249 0.003193841 0.2523773 0.03954983 0.009908403 0.07500928 0.004441313 0.034186028 0.0033366596 0.00630086 0.0039845556 0.0031011899 0.0033371774 0.0015451576 0.0015599671 8.915427e-4 9.104541e-4 8.4449403e-4 8.079013e-4 0.2068249 2.2735183 3.056524 0.769857
1007 2 37 "chorale61_modifed_with_accidentals" NA NA NA 1 NA NA 0 24 0 0 39 67 96 4 NA 0 -3 12 1008 5 2 0.10297595 0.8970241 1.0 1.0 0.27140695 1.8814704 2.6027224 0.0013241092 0.0014662778 0.0013309455 0.0015047195 0.0014063165 0.0016482396 0.0015931086 0.0016154312 0.0019160358 0.0015351756 0.002070812 0.002249008 0.0019025984 0.0024320793 0.0017193829 0.023069844 0.37906855 0.0027522405 0.15923333 0.0019763592 0.27140695 0.03258878 0.0027860997 0.0584551 0.0021353771 0.021797728 0.001934022 0.0023616552 0.0022364308 0.0019307873 0.0019767084 0.0015881553 0.001592409 0.0013611972 0.0013692327 0.0013406593 0.0013241092 0.27140695 1.8814704 2.6027224 0.11713496
1007 2 38 "chorale61_modifed_with_accidentals" NA NA NA 1 NA NA 0 12 0 0 40 69 96 4 NA 0 -3 12 1020 6 2 0.7217455 0.27825448 1.0 1.0 0.16282538 2.6186025 2.9621725 5.7164492e-5 1.1683343e-4 5.9265523e-5 1.4006889e-4 8.719146e-5 2.652445e-4 2.0897313e-4 2.3038046e-4 7.9289736e-4 1.6118938e-4 6.4264133e-4 0.002124279 7.5092743e-4 0.0057650926 3.1359616e-4 0.015640948 0.030648572 0.021785619 0.27856866 0.005579684 0.19504854 0.11372935 0.16282538 0.111641265 0.004759801 0.028134827 8.0026034e-4 0.009243962 0.004667108 0.0027701766 0.0014135542 2.044616e-4 5.607901e-4 6.937672e-5 7.229864e-5 6.2364474e-5 5.7164492e-5 0.16282538 2.6186025 2.9621725 1.3205463
1007 2 39 "chorale61_modifed_with_accidentals" NA NA NA 1 NA NA 0 12 0 -1 41 70 96 4 NA 0 -3 24 1032 7 0 0.8635313 0.13646871 0.99999994 1.0 0.17131083 2.5453117 2.9554548 2.3424069e-5 5.5092027e-5 2.4457813e-5 6.8444475e-5 3.8817572e-5 1.4693299e-4 1.1046379e-4 1.2413543e-4 4.528413e-4 8.0968406e-5 4.6062568e-4 2.395741e-4 3.794272e-4 0.018401643 5.097816e-4 0.015796388 6.22039e-4 0.0058175395 0.23954925 0.010782529 0.20339362 0.013795449 0.1754977 0.17131083 0.06645634 0.044737257 0.005063097 0.016080802 3.7072747e-4 0.002501371 0.005541186 8.3662855e-4 4.1523817e-4 2.9530353e-5 2.3633814e-4 2.5995678e-5 2.3424069e-5 0.17131083 2.5453117 2.9554548 0.4846893
1007 2 40 "chorale61_modifed_with_accidentals" NA NA NA 1 NA NA 0 24 0 -1 41 70 96 4 NA 0 -3 24 1056 6 1 0.45173424 0.54826576 1.0 1.0 0.14059883 2.8303435 2.9556863 2.9514954e-4 4.6168276e-4 3.0189328e-4 5.1718735e-4 3.844124e-4 7.712768e-4 6.643479e-4 7.061636e-4 0.0013897204 5.6470797e-4 0.0013103315 0.0027306548 0.0012668998 0.0022660962 0.0018994212 0.030232659 0.01694588 0.0027640753 0.053814787 0.0014737038 0.12478561 0.14516695 0.072274625 0.14059883 0.004974864 0.35472676 0.0025858053 0.015463298 0.0060247546 0.0016350293 0.0049081924 6.553344e-4 0.0020029892 0.0010145501 3.4188898e-4 0.0017842172 2.9514954e-4 0.14059883 2.8303435 2.9556863 1.0758628
1007 2 41 "chorale61_modifed_with_accidentals" NA NA NA 1 NA NA 0 24 0 0 40 69 96 4 NA 0 -3 24 1080 7 1 0.5460571 0.45394292 1.0 1.0 0.10042316 3.3158362 3.1144884 2.4344813e-4 4.1809832e-4 2.501879e-4 4.7959812e-4 3.3506015e-4 7.774637e-4 6.491304e-4 6.9883873e-4 0.0015841317 5.3336535e-4 0.0014754039 0.00376496 0.0014164965 0.0028607603 0.0013546204 0.017765947 0.023630783 0.0038717906 0.073216476 0.0017005717 0.09686048 0.12993638 0.10042316 0.25229552 0.0061545107 0.23098682 0.0032925655 0.0146899875 0.011774305 0.0019281042 0.0082877 6.384995e-4 0.00246428 0.0016302658 2.9079034e-4 0.0010760205 2.4344813e-4 0.10042316 3.3158362 3.1144884 0.11260005
1007 2 42 "chorale61_modifed_with_accidentals" NA NA NA 1 NA NA -1 24 0 -1 41 70 96 4 NA 0 -3 48 1104 7 1 0.7034742 0.2965258 1.0 0.99999994 0.34838858 1.5212307 2.6548002 5.7727913e-5 1.1586911e-4 5.979499e-5 1.3827639e-4 8.71148e-5 2.576515e-4 2.0421999e-4 2.2458527e-4 6.445468e-4 1.5856184e-4 6.5355876e-4 3.8370662e-4 5.5805274e-4 0.0053623607 7.098369e-4 0.009932344 0.0015127833 0.004290593 0.062444005 0.007151746 0.28439704 0.020685919 0.14454727 0.34838858 0.021527773 0.04989294 0.00486364 0.017350357 0.0028361417 0.0024682274 0.005861628 0.0010627448 6.005982e-4 6.971794e-5 3.794792e-4 6.284049e-5 5.7727913e-5 0.34838858 1.5212307 2.6548002 0.70811343
1007 2 43 "chorale61_modifed_with_accidentals" NA NA NA 1 NA NA 1 48 0 -1 41 70 96 4 NA 0 -3 24 1152 6 2 0.600595 0.39940497 1.0 1.0 0.25819078 1.9534906 2.8834355 1.2269172e-4 2.224054e-4 1.2643277e-4 2.5864068e-4 1.7433557e-4 4.4000096e-4 3.6081154e-4 3.9131453e-4 9.625817e-4 2.9070541e-4 8.901702e-4 0.0023628795 8.5115805e-4 0.001844017 0.0014583 0.019602582 0.011963671 0.0024014057 0.036863763 0.0010406814 0.11349665 0.056436744 0.17168696 0.25819078 0.0063587725 0.26759252 0.0021977094 0.020172946 0.01024358 0.0011948134 0.0056334827 3.5431766e-4 0.0015649567 6.3350756e-4 1.4917516e-4 0.0013418957 1.2269172e-4 0.25819078 1.9534906 2.8834355 0.43998674
1007 2 44 "chorale61_modifed_with_accidentals" NA NA NA 1 NA NA 0 24 0 0 39 67 96 4 NA 0 -3 24 1176 5 2 0.4702532 0.52974683 1.0 1.0 0.08706943 3.5216897 2.8752303 2.504862e-4 3.9907155e-4 2.564468e-4 4.491343e-4 3.297945e-4 6.808539e-4 5.8288395e-4 6.2112446e-4 0.0012567654 4.921725e-4 0.0011821176 0.0026486898 0.0011413574 0.0020907905 0.0010982892 0.015547411 0.021863943 0.002713287 0.047786757 0.0013359237 0.08706943 0.10899507 0.35505322 0.17588489 0.0040442254 0.13648409 0.00235987 0.00908245 0.007070753 0.0014884921 0.004595426 5.746538e-4 0.0018387109 0.0012882217 2.9190668e-4 9.0074376e-4 2.504862e-4 0.08706943 3.5216897 2.8752303 0.22439632
1007 2 45 "chorale61_modifed_with_accidentals" NA NA NA 1 NA NA 0 24 0 0 42 72 96 4 NA 0 -3 24 1200 5 1 0.63046557 0.3695345 1.0 1.0 0.024873871 5.329225 2.9673874 1.5446536e-4 2.8840982e-4 1.5941323e-4 3.379262e-4 2.2335236e-4 5.902767e-4 4.7928796e-4 5.219092e-4 0.0015363148 3.8203454e-4 0.0012787103 0.0010421164 0.0014650363 0.005026965 6.832544e-4 0.0129534 0.03588164 0.008821926 0.18451135 0.010774299 0.15881869 0.060074452 0.16108245 0.29392692 0.007352085 0.024873871 0.0043934854 0.006608992 0.008681467 0.003051679 0.0010409814 4.7023676e-4 0.0018187446 1.8292957e-4 1.8964191e-4 1.66671e-4 1.5446536e-4 0.024873871 5.329225 2.9673874 0.52807075
1007 2 46 "chorale61_modifed_with_accidentals" NA NA NA 1 NA NA 0 24 0 -1 41 70 96 4 NA 0 -3 24 1224 3 1 0.38757342 0.6124266 0.99999994 1.0 0.42949355 1.2192917 2.8647182 4.236355e-4 6.218662e-4 4.319268e-4 6.8548566e-4 5.314333e-4 9.658493e-4 8.4976817e-4 8.954574e-4 0.0016006872 7.391834e-4 0.0015219086 0.0013602019 0.0014785257 0.004246947 9.97099e-4 0.019447029 0.017285071 0.004890197 0.086368985 0.0025371655 0.11863309 0.030566372 0.08418262 0.42949355 0.01263228 0.13429709 0.0036727453 0.013896309 0.0039250506 0.0059645176 0.00762399 8.398668e-4 0.002521719 8.9163275e-4 0.0011244594 0.0014325298 4.236355e-4 0.42949355 1.2192917 2.8647182 0.3035808
1007 2 47 "chorale61_modifed_with_accidentals" NA NA NA 1 NA NA 0 24 0 -1 40 68 96 4 NA 0 -3 24 1248 4 2 0.66768223 0.33231786 1.0 1.0 0.15164478 2.7212322 2.938704 8.086584e-5 1.5665739e-4 8.361161e-5 1.8527832e-4 1.1950281e-4 3.3447004e-4 2.682615e-4 2.9358972e-4 7.9857896e-4 2.1098444e-4 7.320814e-4 0.0017412764 6.965023e-4 0.0022767286 6.5948383e-4 0.011790346 0.060319703 0.0024005931 0.03088199 8.7092846e-4 0.19437155 0.15164478 0.2792888 0.13292742 0.0036765337 0.09338832 0.0019951686 0.010609845 0.008157098 0.0012896374 0.0045770006 2.6289944e-4 0.0013707518 5.015769e-4 1.0049112e-4 8.5587107e-4 8.086584e-5 0.15164478 2.7212322 2.938704 0.69253534
1007 2 48 "chorale61_modifed_with_accidentals" NA NA NA 1 NA NA 0 24 0 0 39 67 96 4 NA 0 -3 24 1272 4 2 0.087338455 0.9126616 1.0 1.0 0.7579333 0.39985716 1.496045 4.3309364e-4 4.7222423e-4 4.3498946e-4 4.8270388e-4 4.5579413e-4 5.2147976e-4 5.0664775e-4 5.1266246e-4 5.8435655e-4 5.433993e-4 5.777484e-4 5.479132e-4 6.022587e-4 6.218964e-4 5.252351e-4 0.009743959 0.017731186 7.5891946e-4 0.030235287 7.9757615e-4 0.7579333 0.021604547 0.02288141 0.10338516 7.759816e-4 0.02015235 7.485034e-4 6.5517315e-4 5.8175105e-4 6.663085e-4 6.0259626e-4 5.053114e-4 5.064591e-4 5.953632e-4 4.455796e-4 4.376806e-4 4.3309364e-4 0.7579333 0.39985716 1.496045 1.529872
1007 2 49 "chorale61_modifed_with_accidentals" NA NA NA 1 NA NA -1 24 0 0 38 65 96 4 NA 0 -3 48 1296 5 3 0.5410004 0.4589996 0.99999994 0.99999994 0.63263804 0.6605478 1.9436097 4.8961523e-5 8.366672e-5 5.0304294e-5 9.585173e-5 6.71873e-5 1.5468916e-4 1.2937108e-4 1.3918275e-4 3.5150733e-4 1.0649272e-4 3.0028747e-4 2.51936e-4 3.3746625e-4 0.0019184868 1.7537677e-4 0.0034623325 0.035434183 0.0013401726 0.63263804 0.0015174578 0.11993554 0.0738681 0.017395651 0.07266956 0.0013470401 0.027436225 3.5395127e-4 0.002991258 0.003984159 5.492617e-4 2.5170052e-4 1.2727181e-4 2.711355e-4 5.660888e-5 5.8386722e-5 5.226331e-5 4.8961523e-5 0.63263804 0.6605478 1.9436097 1.9110538
1007 2 50 "chorale61_modifed_with_accidentals" NA NA NA 1 NA NA 1 48 0 0 39 67 96 4 NA 0 -3 12 1344 6 5 0.24452081 0.75547916 1.0 1.0 0.20724063 2.2706213 2.9056883 7.065816e-4 9.0019533e-4 7.1527506e-4 9.572489e-4 8.1522745e-4 0.001188429 0.0010961989 0.0011330235 0.001699138 0.0010038975 0.001903818 0.0021228117 0.00162914 0.0034251069 0.0013138673 0.030050857 0.15314661 0.0044239666 0.32839483 0.0017646183 0.20724063 0.03266204 0.04788583 0.10903161 0.0021978633 0.045619536 0.0026850675 0.0027215278 0.0026773007 0.0017303652 0.0020203695 0.0010881232 0.0010950565 7.544845e-4 7.651036e-4 7.277333e-4 7.065816e-4 0.20724063 2.2706213 2.9056883 0.40362555
1007 2 51 "chorale61_modifed_with_accidentals" NA NA NA 1 NA NA 0 12 0 -1 40 68 96 4 NA 0 -3 12 1356 6 3 0.57104146 0.42895854 1.0 1.0 0.15224968 2.715489 2.9742718 8.7547014e-5 1.5412056e-4 9.008323e-5 1.7790435e-4 1.2226583e-4 2.948416e-4 2.4414947e-4 2.6373452e-4 7.012256e-4 1.9881326e-4 5.9383066e-4 0.002636086 6.716926e-4 0.0033693258 3.3661065e-4 0.010087469 0.10803777 0.007170863 0.22159696 0.003283301 0.14453533 0.15224968 0.20634486 0.07556884 0.0028953545 0.04644308 7.0637267e-4 0.002862438 0.0028506517 0.0018867161 0.0023761897 2.3996962e-4 5.331494e-4 1.0204011e-4 1.0542564e-4 9.3790135e-5 8.7547014e-5 0.15224968 2.715489 2.9742718 0.34227824
1007 2 52 "chorale61_modifed_with_accidentals" NA NA NA 1 NA NA 0 12 0 -1 41 70 96 4 NA 0 -3 24 1368 7 3 0.4400736 0.5599264 1.0 1.0 0.4298508 1.2180922 2.449406 1.4582062e-4 2.2547883e-4 1.4906548e-4 2.5184738e-4 1.886308e-4 3.717234e-4 3.2142393e-4 3.4111724e-4 6.5968453e-4 4.5742572e-4 6.229447e-4 4.768952e-4 7.680151e-4 9.0278423e-4 3.8540916e-4 0.005734495 0.02853454 0.002462182 0.14703986 0.0031625552 0.2138579 0.081450246 0.04379718 0.4298508 0.0027540561 0.026849445 0.0015907047 0.0011739524 6.4499694e-4 0.0022281162 7.7018654e-4 3.1717482e-4 3.208213e-4 7.247207e-4 1.6827295e-4 1.5377071e-4 1.4582062e-4 0.4298508 1.2180922 2.449406 0.7466102
1007 2 53 "chorale61_modifed_with_accidentals" NA NA NA 1 NA NA 0 24 0 -1 40 68 96 4 NA 0 -3 24 1392 6 4 0.79199487 0.20800509 1.0 1.0 0.16430788 2.6055264 2.424158 1.1840646e-5 2.594365e-5 1.231904e-5 3.165722e-5 1.881776e-5 6.3792264e-5 4.9105798e-5 5.4652555e-5 1.7910154e-4 3.6932117e-5 1.6155145e-4 0.0024235537 1.5228093e-4 4.2208488e-4 1.427287e-4 0.002050279 0.028384525 5.979349e-4 0.008256339 1.9850735e-4 0.11251006 0.16430788 0.022681968 0.24213552 0.0057617095 0.37975404 3.9412972e-4 0.0029211848 0.024404591 2.3816302e-4 9.964394e-4 4.7943693e-5 3.399596e-4 1.03160535e-4 1.53217e-5 1.022061e-4 1.1840646e-5 0.16430788 2.6055264 2.424158 1.06637
1007 2 54 "chorale61_modifed_with_accidentals" NA NA NA 1 NA NA 0 24 0 0 39 67 96 4 NA 0 -3 12 1416 6 2 0.1501773 0.84982264 1.0 0.99999994 0.79244035 0.33562574 1.3100283 2.7982102e-4 3.2469488e-4 2.8193052e-4 3.3718362e-4 3.0551356e-4 3.8509394e-4 3.6645384e-4 3.7396618e-4 4.6835904e-4 4.1334625e-4 4.592891e-4 4.1926783e-4 4.9330224e-4 5.212836e-4 3.8987477e-4 0.007315717 0.0126243215 7.3412695e-4 0.027517539 7.99598e-4 0.79244035 0.018792816 0.016993234 0.095390104 7.6273584e-4 0.015904201 7.168875e-4 5.7016406e-4 4.647741e-4 5.869286e-4 4.9377786e-4 3.647934e-4 3.6621923e-4 4.8363066e-4 2.938359e-4 2.8493637e-4 2.7982102e-4 0.79244035 0.33562574 1.3100283 2.4517438
1007 2 55 "chorale61_modifed_with_accidentals" NA NA NA 1 NA NA 0 12 0 0 38 65 96 4 NA 0 -3 12 1428 7 3 0.088614486 0.9113855 0.99999994 0.99999994 0.65891725 0.6018308 1.8988879 4.3129505e-4 4.7085783e-4 4.3321066e-4 4.814615e-4 4.5424016e-4 5.207251e-4 5.0570135e-4 5.1179307e-4 5.956596e-4 4.898357e-4 5.804901e-4 5.640346e-4 5.916954e-4 7.865401e-4 5.315419e-4 0.008802546 0.021769034 7.416543e-4 0.65891725 7.569015e-4 0.11933357 0.04763298 0.029608509 0.06546113 7.4227544e-4 0.03139671 5.96336e-4 0.0010810737 0.001178193 6.408397e-4 5.639483e-4 5.04348e-4 5.7086087e-4 4.4167068e-4 4.4391348e-4 4.3593007e-4 4.3129505e-4 0.65891725 0.6018308 1.8988879 2.0193214
1007 2 56 "chorale61_modifed_with_accidentals" NA NA NA 1 NA NA 0 12 0 0 38 65 96 4 NA 0 -3 48 1440 6 5 0.1348702 0.8651298 1.0 1.0 0.14778686 2.7584102 2.6422167 8.4931095e-4 9.7068376e-4 8.5505884e-4 0.0010041489 9.1902714e-4 0.0011314024 0.0010820966 0.0011019979 0.0013780065 0.0010308513 0.0014672261 0.0015580399 0.0013463995 0.0020284958 0.0011957864 0.02298437 0.13862437 0.002321088 0.14778686 0.0014070491 0.45184287 0.032819834 0.04053099 0.08970198 0.0015881858 0.038697645 0.0016708822 0.0017868726 0.0017707972 0.0013919183 0.0015161092 0.0010776921 0.0010814742 8.8060246e-4 8.8741723e-4 8.6324156e-4 8.4931095e-4 0.14778686 2.7584102 2.6422167 1.0757477
1007 2 57 "chorale61_modifed_with_accidentals" NA NA NA 1 NA NA -1 48 0 -1 37 63 96 4 NA 0 -3 48 1488 5 4 0.070606746 0.9293932 0.99999994 1.0 0.38269034 1.3857507 2.3188877 6.081226e-4 6.5217016e-4 6.1027374e-4 6.638458e-4 6.3376414e-4 7.066353e-4 6.903426e-4 6.9696055e-4 7.834769e-4 6.730297e-4 8.2633935e-4 8.570637e-4 7.797053e-4 9.226629e-4 7.2740915e-4 0.012642815 0.38269034 0.0010018004 0.112649865 8.003072e-4 0.346862 0.020059565 0.023756655 0.057203993 8.4391946e-4 0.022681078 7.885123e-4 9.042596e-4 8.5265393e-4 7.8760774e-4 8.0040423e-4 6.8887015e-4 6.901348e-4 6.1975105e-4 6.222572e-4 6.133242e-4 6.081226e-4 0.38269034 1.3857507 2.3188877 0.21929947
